Decimal: 5313843 (24Bit) Binary: 010100010001010100110011 Tri-State: FF0F0FFF0101 PulseLength: 179 microseconds Protocol: 1

Raw data: 5664,176,552,544,180,184,556,536,192,172,560,172,560,168,560,536,196,164,572,156,568,164,568,528,200,160,568,532,200,160,568,528,204,164,564,164,568,164,560,168,564,168,564,164,564,164,568,160,568,



Decimal: 5313792 (24Bit) Binary: 010100010001010100000000 Tri-State: FF0F0FFF0000 PulseLength: 179 microseconds Protocol: 1

Raw data: 5664,184,548,540,184,176,556,540,184,188,548,176,16,540,172,556,536,192,176,556,172,556,172,564,532,192,172,560,536,188,172,564,532,200,160,572,160,564,168,568,160,564,168,564,164,564,164,568,164,



Decimal: 5313987 (24Bit) Binary: 010100010001010111000011 Tri-State: FF0F0FFF1001 PulseLength: 181 microseconds Protocol: 1

Raw data: 5680,156,572,532,192,168,568,532,196,164,568,160,580,152,576,524,204,156,576,152,584,144,580,520,212,152,576,524,208,152,576,528,204,524,212,516,204,160,576,152,576,156,572,160,568,160,572,156,576,



Decimal: 5313996 (24Bit) Binary: 010100010001010111001100 Tri-State: FF0F0FFF1010 PulseLength: 179 microseconds Protocol: 1

Raw data: 5660,172,560,540,184,180,564,536,180,184,556,168,568,160,568,532,196,168,564,164,572,160,564,536,196,164,568,528,200,156,576,532,200,156,572,160,572,156,572,156,576,156,572,160,568,160,572,160,568,



Decimal: 5308416 (24Bit) Binary: 010100010000000000000000 Tri-State: FF0F00000000 PulseLength: 181 microseconds Protocol: 1

Raw data: 5668,180,552,540,188,176,164,568,528,200,164,568,568,160,568,532,196,168,568,164,568,164,564,536,196,168,560,536,196,532,200,528,204,160,568,160,572,160,568,160,576,156,568,164,564,532,200,532,200,



Decimal: 5314316 (24Bit) Binary: 010100010001011100001100 Tri-State: FF0F0FF10010 PulseLength: 181 microseconds Protocol: 1

Raw data: 5672,176,552,544,184,176,556,540,16,176,172,560,172,556,172,560,536,192,176,556,172,556,172,556,540,196,168,560,536,196,532,196,536,200,164,564,164,564,168,564,168,560,168,564,168,560,172,560,168,



Decimal: 5315840 (24Bit) Binary: 010100010001110100000000 Tri-State: FF0F0F1F0000 PulseLength: 181 microseconds Protocol: 1

Raw data: 5672,168,568,528,196,164,572,532,192,164,568,164,568,164,564,540,180,180,560,172,560,164,564,540,180,180,564,532,188,172,572,532,180,176,568,164,564,160,568,168,564,164,564,164,568,164,568,160,564,



Decimal: 5315852 (24Bit) Binary: 010100010001110100001100 Tri-State: FF0F0F1F0010 PulseLength: 181 microseconds Protocol: 1

Raw data: 5680,164,560,548,176,184,556,540,184,180,560,164,564,172,560,536,184,180,556,168,564,168,564,540,184,172,564,536,188,172,568,532,188,168,568,164,568,164,568,160,568,156,572,168,564,164,564,172,560,



Decimal: 5321987 (24Bit) Binary: 010100010011010100000011 Tri-State: FF0F01FF0001 PulseLength: 180 microseconds Protocol: 1

Raw data: 5664,168,560,548,172,184,560,544,176,180,560,172,556,172,556,548,172,188,552,176,556,548,172,560,168,192,552,544,176,180,560,544,180,176,564,164,564,164,568,164,564,164,568,168,564,164,568,156,568,



Decimal: 5321996 (24Bit) Binary: 010100010011010100001100 Tri-State: FF0F01FF0010 PulseLength: 181 microseconds Protocol: 1

Raw data: 5676,160,568,536,188,168,572,536,188,168,568,164,564,164,564,536,188,176,560,168,564,544,176,548,188,172,564,532,192,168,568,536,188,168,572,156,576,156,568,160,572,156,576,156,572,156,572,160,568,




